79025433733

79500947106

79500723889

79041107374

79500662430

79501207619

79526383419

79041144446

79021641249

79024543826

79501120644

79500915739

79086573198

79025799323

79086493185

79526166411

79501341380

79500936390

79041305008

79500730813

79086658650

79086694972

79500875572

79501486599

79041466059

79526129490

79501189793

79041278880

79021797134

79500541349

79526312575

79041549303

79516260344

79503812835

79025622020

79041558960

79500758095

79500748444

79526382660

79041501822

79500506605

79501015907

79526163346

79500728038

79500559746

79024537917

79503806213

79024571851

79085959593

79500794449

79025793394

79501360822

79041162396

79027655033

79041163418

79500617692

79500557381

79501283564

79500683547

79041595482

79501463383

79500662708

79500656787

79526397303

79500845910

79526109301

79500591123

79501220581

79503890943

79503997625

79041432772

79500663449

79526236549

79041147897

79500863690

79086472095

79025493327

79526174715

79501122243

79501020460

79025119480

79526297891

79500505103

79025431617

79041544486

79041557892

79041458694

79526390495

79086608497

79500799115

79501149241

79500958475

79500958390

79086598169

79501392672

79503834109

79501277366

79516268508

79024558445

79041598059

79021789860

79027686682

79041588019

79041323333

79086563087

79526217150

79041381802

79501275241

79500869252

79086652240

79500523641

79516325079

79021673940

79041106482

79500902561

79086636327

79500844585

79500685467

79041512697

79086501558

79041313072

79501345878

79501385179

79025339180

79085960050

79024546494

79027613081

79516241489

79025353602

79516256854

79503854500

79516214953

79021613862

79503874470

79085924455

79526245547

79501160978

79501008803

79501269958

79500710675

79501445747

79041410711

79516280091

79501295949

79500519774

79021633752

79503887059

79021627205

79516296824

79085945244

79024560741

79500569413

79503875863

79503908449

79503894567

79021673374

79501000722

79526297037

79025779987

79501058363

79086608249

79501376708

79025168040

79526196938

79027606866

79503960609

79024559140

79041156473

79500568415

79516286073

79021626526

79516374584

79503930205

79041154253

79041589919

79500653282

79085953528

79041258744

79085931172

79500993821

79041178232

79500804583

79526240811

79041332234

79503822173

79041107878

79027665197

79041140490

79516249534

79041281399

79025404777

79516275172

79085944910

79503890620

79503962001

79516370218

79516292024

79085901161

79021613203

79501118995

79526324154

79516283805

79500767237

79501352081

79501062306

79500775838

79021642010

79516296647

79021645038

79025635650

79503833802

79041265594

79526195494

79500504725

79500518009

79041324472

79526392296

79041236865

79041127128

79501436267

79041277963

79041466061

79025144969

79041523703

79041253819

79024551792

79085903539

79516363685

79085912068

79024556766

79503905068

79025313697

79516345892

79503928632

79500882511

79041318391

79041596855

79526201018

79041594705

79086614401

79501426992

79086549218

79526196657

79516297271

79503937734

79021658536

79501054328

79501327144

79501007506

79500625476

79526122336

79501300579

79501265306

79025441091

79501149672

79526273708

79025476586

79501435845

79500993210

79500704272

79500884170

79503888576

79500864856

79516207738

79500887409

79503879163

79503966051

79041493112

79501381727

79021712894

79526201316

79501000183

79085947136

79024500397

79501057354

79501446662

79021657102

79085986848

79503962475

79024593571

79085929387

79021616045

79086660473

79025669662

79500822649

79500946084

79500688522

79041540933

79500735266

79021789624

79501355926

79500944184

79041285876

79021745431

79041334373

79086420542

79021743641

79501359909

79041298411

79500971689

79500681627

79501447699

79041226036

79041437513

79501456939

79516202006

79041492821

79501175890

79041240003

79021790855

79500586961

79526247349

79500809919

79526221822

79041194386

79500783282

79025695435

79501464154

79501284715

79501113497

79526242561

79086697709

79500965170

79501435582

79526220446

79526217228

79027699230

79501382100

79503903680

79085978893

79516302844

79503964009

79500749486

79500748786

79500575801

79526149756

79501159766

79086622410

79086680244

79526282722

79041136994

79501158333

79027676490

79500535872

79500668392

79086404435

79086418385

79025471031

79500741477

79500629449

79041506739

79041121071

79500803629

79025438060

79041212790

79041387906

79500535058

79500894821

79086533493

79501018713

79041507487

79500656459

79025679082

79025798848

79041345048

79526145009

79526311336

79041344002

79501225174

79516242182

79526226649

79086654038

79501371533

79041440509

79041264395

79041286591

79041266551

79025125794

79041295893

79501317198

79501275210

79500510230

79500550875

79501422102

79500885668

79025491733

79526375634

79516310410

79024537870

79501046532

79086535564

79086515346

79501422304

79500695982

79501059963

79501349262

79500809738

79041404962

79500502741

79500994433

79025420956

79500957310

79025482299

79041164372

79503975139

79503815701

79041328797

79526134356

79501424293

79025786319

79041597849

79526158854

79500983528

79086557457

79024502890

79516263908

79516330583

79086438997

79024517867

79503860721

79503995387

79024550190

79501199347

79503994545

79021623550

79024552965

79516384256

79021674871

79024559319

79024540006

79025350132

79516202488

79041116985

79085995033

79085920928

79503897894

79024504437

79021654682

79516237678

79021639288

79024500685

79025627011

79503894037

79516292993

79085975794

79516329969

79041151631

79500764827

79041327942

79085967848

79025419566

79500963211

79503886042

79503912167

79516247179

79501122695

79501363439

79500972527

79025639016

79086633044

79503993469

79500938822

79086407435

79500556068

79526380341

79526204071

79025348623

79024556896

79526327527

79526386027

79526353899

79503882291

79025484741

79025484519

79041188661

79526290505

79021654649

79516360397

79516201165

79025647660

79024557384

79516214056

79501440360

79526393382

79500512376

79501296227

79501044979

79501460110

79516298630

79500683169

79500880534

79041529385

79086465860

79516289262

79516397596

79503818672

79021692010

79516224232

79500569369

79526369627

79086565322

79025660981

79501328858

79041204046

79041519604

79025447097

79024536685

79085947998

79024540619

79021651430

79526398602

79086608205

79500511470

79024507331

79041298648

79526338905

79025687091

79021736540

79500589178

79500605102

79041148742

79501166838

79501145464

79503964133

79085991777

79025420037

79501455578

79086635032

79526282124

79041457941

79526132496

79501275815

79526156740

79086520546

79500621850

79526303470

79024524289

79041520787

79085980295

79086586699

79503916750

79025476240

79025617322

79041516301

79027692103

79025684230

79041278210

79526386538

79500891709

79041201232

79503898973

79021699226

79024546365

79503950091

79025785320

79500991301

79500904268

79501394159

79526230249

79501422297

79041597127

79526141844

79501158206

79021765744

79501317726

79501318567

79027641711

79501033853

79025403037

79500564708

79041437405

79501318089

79500697642

79526101840

79501058012

79501276921

79041209890

79086623563

79500550420

79027633725

79500636174

79041168298

79086423895

79501214945

79500577769

79025149580

79041105159

79501230096

79086495567

79501201897

79041366983

79501008087

79041428392

79086437395

79025693882

79041352182

79041548201

79086616024

79500819114

79503849926

79024566590

79021637676

79501390872

79086581031

79500747794

79086694080

79500598376

79021620157

79041326151

79500904408

79500609839

79500779702

79500663952

79025469586

79025493008

79041231657

79526209736

79021625571

79501016570

79041111599

79086440861

79501255348

79041398214

79086641940

79526246794

79501028055

79500514331

79025695060

79500524682

79041314951

79526118694

79086490813

79027652206

79086417416

79041551462

79027626590

79500671016

79041316884

79500557300

79041148086

79041298250

79500890172

79041422309

79526180549

79526108512

79501223332

79086682225

79500786589

79500744058

79526120035

79516241907

79516213304

79041531805

79501052695

79086484757

79501048684

79501302651

79041207900

79021792316

79501073865

79500922766

79526132745

79500754881

79025482490

79024546723

79503944699

79021771129

79025668937

79041264285

79500819016

79041381378

79501107090

79041452099

79041391213

79025124359

79501010064

79526133810

79025604174

79501197729

79086408871

79021663536

79086501823

79085975736

79503936642

79021660001

79021660031

79025634289

79085999018

79516308091

79025616743

79500848340

79503899813

79503882984

79024550814

79085974864

79041387957

79501442138

79501334989

79041443271

79500807790

79500890235

79516296371

79085971361

79025330837

79024515490

79500912579

79021691027

79024518797

79085962254

79516254656

79503859026

79021631914

79500812478

79025152112

79500528916

79041375513

79021620813

79516220045

79085980383

79516238699

79503956390

79526346040

79500529787

79025437422

79085931079

79501277251

79041336068

79024528353

79516248034

79503843401

79085901684

79501459666

79501362824

79086594397

79021726796

79516281292

79503917009

79021610589

79500559845

79027674814

79500552581

79085929828

79526303669

79500733930

79526391053

79516217989

79503831675

79526242535

79041224615

79041406311

79503918593

79526381467

79024542650

79021689660

79085931304

79041289647

79500757034

79501270527

79041181669

79500984766

79025779279

79500994996

79526181704

79501272393

79500705912

79086686101

79526276931

79041380414

79041121280

79021664710

79503882106

79503814777

79041521511

79503839515

79021694049

79500835169

79501207306

79027626101

79025687223

79085964507

79503989874

79503964438

79041309123

79501125654

79086528599

79500537699

79085992398

79021661410

79025645491

79025345566

79516241066

79041502757

79501399572

79500867203

79526334213

79500818262

79041305380

79085945330

79041226982

79027689388

79041170933

79085972715

79024537463

79025341256

79025114117

79086508511

79021797325

79021794519

79041228288

79041520770

79021788956

79085952659

79503833936

79085901354

79021684070

79526329380

79500530709

79526277491

79500846818

79501339222

79526278200

79526201184

79021745963

79500729688

79041119068

79041444545

79526233447

79086627538

79041353446

79025150372

79500551728

79500668248

79086444165

79041523141

79526350694

79501432981

79041369046

79500934559

79501424992

79500721587

79526107371

79526242722

79501065006

79501341012

79027686420

79500637058

79086634248

79025168855

79501215735

79025480376

79021636279

79526307121

79086590152

79501221211

79500588305

79041446213

79526318628

79526324030

79501435487

79086516942

79041193711

79021749281

79025198779

79500950212

79086451013

79025660457

79041539811

79027650500

79501493861

79526219624

79041356831

79503837217

79024568896

79085990423

79503880494

79516202961

79021626900

79021732910

79500874834

79086585119

79025489687

79501092207

79526214356

79041563400

79086694332

79526186896

79500762962

79501335871

79027601609

79041112143

79024581659

79085910463

79086652122

79501368306

79086443323

79086455762

79041287728

79526166636

79025428113

79526289011

79500533684

79500938923

79500692003

79086683989

79501156180

79086558937

79041205767

79500764696

79526248014

79041397990

79025191714

79021606156

79526142997

79086670277

79526119235

79086648861

79025765354

79500592157

79503947925

79516292407

79041335909

79041125031

79041534887

79500613112

79501136095

79041312256

79500970112

79526237887

79041279511

79501449980

79526108430

79500500319

79041184615

79041439388

79041385196

79501120628

79025483430

79021658715

79516267581

79503884918

79021635512

79526195291

79500651784

79526383061

79526328812

79500850868

79041494701

79500516531

79501311600

79501091192

79500729916

79500934278

79041361802

79501317221

79027641004

79025482412

79041250218

79501309262

79500891726

79041270656

79526125100

79041222299

79086534386

79041299794

79501290164

79500635778

79526102660

79041107349

79086434586

79516272212

79085930310

79024540518

79516344665

79021655246

79085916661

79024528885

79500508063

79501432739

79516295604

79021600734

79516281242

79085908087

79516237509

79501372896

79025361891

79086567134

79500531737

79041279548

79025143447

79041543170

79503805508

79503984121

79503813311

79503827937

79085910491

79085933605

79024505986

79085980007

79085968593

79085995626

79500842188

79041524870

79516278351

79500569081

79503843694

79503937114

79041547762

79086672265

79526139140

79516256285

79021629192

79024539538

79041251573

79500833713

79503903628

79024581315

79021675232

79500849475

79503987527

79086541056

79500500358

79021707126

79021709357

79501260791

79501334066

79041588470

79503840396

79526198584

79025793585

79041437477

79503906290

79086530263

79500837483

79021774464

79526195586

79516228941

79025356019

79021607663

79501333450

79025406121

79501211404

79025406745

79041332359

79501453173

79526218098

79085955183

79025626095

79021685488

79516211592

79516244285

79085916815

79516245881

79086468748

79027616377

79500501379

79500933448

79501118817

79501189280

79085995317

79041292348

79025688137

79021622151

79041397220

79041148888

79041593614

79041410866

79025787578

79085917347

79021679338

79085944697

79024543771

79021788285

79041262440

79025777343

79041261189

79526341054

79086549495

79041301455

79025695764

79503846802

79021645133

79516299559

79021648363

79025348204

79025647573

79025354241

79516317487

79501420182

79501376083

79516273925

79500633147

79086614081

79500507920

79086511074

79021785148

79027686035

79501288370

79501076052

79501143843

79500802402

79085902172

79024547435

79516231159

79085961690

79086468005

79027685542

79501278892

79526380087

79500517591

79086681626

79027672058

79041523659

79041442504

79041441028

79085910473

79503897900

79021699364

79526215499

79526171358

79041153324

79041511578

79500521355

79526315938

79516285156

79027637369

79516268932

79503895215

79025621878

79027625421

79526164821

79500557514

79086546221

79025421348

79501150584

79526131236

79027612601

79500771480

79025616271

79021653788

79041437265

79025402148

79025698415

79526277433

79086611535

79086520509

79041141025

79526355895

79041417944

79041590433

79501323769

79041305394

79501066409

79501436601

79041117412

79501272672

79086529104

79500844172

79041118250

79021759268

79025768299

79041284845

79503959831

79041553492

79086670533

79041550940

79041356694

79086450913

79086402019

79041482557

79500913345

79041531957

79041556097

79501438552

79086574438

79086487327

79503810344

79503864322

79500597391

79086402063

79500584109

79025486336

79041348166

79526218378

79025489421

79526187107

79025410873

79526390455

79041563810

79086465066

79500816424

79025433629

79501339006

79500527571

79500963874

79025443395

79503902008

79501392328

79027655143

79041121982

79526192315

79041453441

79500884926

79086426549

79086540022

79500938211

79086501563

79501055153

79027676389

79041203641

79500920017

79041550858

79086657343

79503940209

79526398851

79501004396

79086540734

79041106329

79501052777

79041195524

79027672158

79500737982

79501132728

79086456980

79526389104

79500802015

79501207160

79500822884

79027648139

79041591654

79526164858

79041372572

79041439593

79501170015

79501227497

79500755372

79500794672

79085997385

79085916002

79503900080

79516321791

79085938746

79024555796

79503972437

79501347766

79086513012

79500773549

79086501456

79526165129

79086623989

79041359644

79500751486

79501223863

79500576620

79500917709

79501028067

79501280773

79526140631

79025782684

79500713520

79041228421

79041382619

79526302197

79526251869

79021787101

79503906570

79021616461

79085994375

79503857335

79024525515

79503911884

79503976456

79085956823

79024563976

79503907657

79021663767

79516269937

79024532278

79501106518

79041400388

79500656937

79500765478

79501142601

79024532218

79085939979

79024536494

79085910714

79021654693

79503841417

79516240438

79021652774

79526273316

79503824551

79503863071

79025643988

79503945571

79021678953

79024598121

79024507390

79500812968

79501108821

79041464016

79041487252

79503913366

79501488038

79501232808

79501364238

79501211192

79024507155

79021670913

79041410442

79501285620

79041178213

79500716089

79526241915

79041184248

79041161853

79500861474

79503875956

79516257861

79025656035

79086592657

79501467157

79041167056

79041591183

79500855845

79086559642

79516294374

79025620152

79085994141

79021676181

79021657257

79503819392

79516270245

79021711927

79500884459

79500511763

79025167150

79526151548

79516214516

79503886103

79021655121

79516366274

79526159445

79041107100

79086544710

79041409196

79041514237

79526339847

79025318488

79500723302

79501372374

79086515669

79501415928

79500903587

79041407161

79041503180

79500815236

79503840143

79526237376

79041113845

79027622135

79021677388

79501454132

79503967379

79503803473

79503875381

79041379095

79500640581

79516271430

79041538306

79501076720

79503905081

79041151875

79501127255

79500660910

79503954596

79021686597

79501012546

79021760732

79501383046

79025441028

79041591975

79041445140

79501344450

79041147819

79041335728

79500735314

79526330935

79041306131

79501276359

79024557113

79501282803

79516202431

79503950959

79024598443

79501207965

79021761920

79086625853

79024538041

79503857597

79024508077

79086525917

79025647974

79503873681

79503965727

79500868644

79021702030

79526292627

79086466303

79501428508

79041152380

79501405880

79086440959

79501143717

79041223873

79500566611

79025402225

79041424574

79526150835

79086527277

79027646765

79501066233

79041502784

79501465407

79027644533

79025466695

79025403752

79024545095

79501122391

79501176550

79021795671

79025141486

79501205187

79027681019

79086661480

79025793036

79021733320

79086692786

79500953684

79021732490

79501186434

79526137960

79500705562

79025786831

79501433483

79500787131

79041549600

79503920889

79027627646

79041252348

79021707674

79526254186

79041142778

79500819094

79086407231

79501415086

79025164313

79500838468

79025162058

79025148033

79500535632

79021659686

79024508066

79085961392

79041436402

79501368263

79501213848

79041360186

79086436908

79021764599

79041522530

79025463677

79041509918

79500938957

79086520136

79086550577

79025427493

79086550817

79500536085

79025108314

79025445056

79501073163

79500542968

79501081116

79503978357

79501454042

79501153704

79526324637

79500661476

79501478943

79500504938

79500720708

79021726852

79021721134

79526328835

79025414390

79526277013

79526155229

79501315994

79041274874

79041557785

79526168504

79025477166

79086491163

79503962244

79024599518

79516284075

79500530772

79024551832

79503921841

79516342043

79021635925

79085976650

79085908263

79500630932

79501417879

79526342094

79041148842

79041419012

79526303488

79526220781

79041249428

79027685319

79500538188

79041373167

79516284895

79503856894

79085935566

79025326485

79503995303

79501309457

79025781575

79526158966

79500653993

79086563906

79526338132

79500516622

79021713676

79500907661

79041111175

79086506469

79526293158

79503992756

79516260701

79024541212

79503856800

79516212195

79501094092

79085947288

79085931426

79503913864

79041132108

79503953767

79526390090

79025437535

79041420341

79041123859

79024528673

79503924523

79085987611

79021627225

79516286950

79516206142

79503866197

79516244043

79041316838

79501025890

79021770923

79500966241

79516309629

79503892074

79025417018

79526178146

79027624830

79516265897

79501235268

79526358165

79500883902

79503866513

79500824916

79526193211

79041457368

79501289002

79041518195

79041250315

79021636153

79025339422

79086508626

79500701043

79085972686

79086589076

79501467083

79501259466

79041166658

79041166972

79041125116

79025653352

79041372550

79500964442

79501153416

79526167093

79024523938

79021662176

79500529477

79041304366

79500681008

79025343881

79025634790

79503846488

79085975321

79041487394

79501374451

79041401929

79041335792

79501345728

79501348309

79025463966

79500508915

79500695838

79503867205

79041188557

79024504278

79503908363

79503991737

79021688094

79025347989

79503853557

79024546180

79526163117

79086565183

79041216003

79501251465

79516269172

79085909930

79500755683

79501427894

79041465925

79500802892

79041387223

79500560584

79041424004

79041134663

79024500263

79503975423

79025332850

79021617950

79027680857

79500531739

79086446163

79086573991

79501169489

79027689367

79526287396

79041594678

79501274376

79021605817

79516232221

79501225124

79041497849

79500929465

79041357126

79500594982

79086574823

79027635365

79041418167

79500513228

79500524114

79041107181

79500859042

79500533211

79086538982

79503878538

79041386702

79500915943

79526347563

79526396338

79041523115

79041256734

79501370978

79500526715

79500535509

79501060975

79025463930

79503800887

79025434977

79526397797

79086661996

79501065585

79041314652

79501194318

79041400743

79025762699

79041405288

79501077132

79501318738

79021747895

79501497867

79086437299

79501179227

79500958964

79501054708

79501484205

79501497842

79500651569

79500715427

79086531647

79500875149

79501390540

79027604185

79501417234

79526154390

79500806392

79500760308

79041514917

79041221865

79086462201

79500763538

79500559940

79041522065

79501165704

79501347422

79021752591

79086493205

79024502315

79500597609

79501079442

79500548524

79041141507

79025164622

79086478873

79041440173

79526152635

79041463975

79027666580

79501284447

79503921458

79085938701

79516258415

79503817036

79024581605

79024570260

79500794837

79500676466

79041360943

79041267570

79086435920

79500588053

79041524784

79501015506

79501331441

79500994909

79501136034

79526322599

79086628929

79086627895

79041408002

79086565388

79025786826

79500702603

79500811894

79526326184

79025494396

79027648700

79021721769

79500817336

79526344463

79500593293

79086573077

79041247786

79086654100

79500627196

79501102449

79501255369

79526229240

79041316115

79041360460

79501123693

79086583547

79041404379

79501416072

79041303275

79041177021

79041106542

79086502129

79526229004

79501005499

79041441419

79501354685

79501264501

79041522513

79501197778

79041562035

79041476172

79041306470

79526271732

79041490135

79086506243

79516338332

79503821716

79085966643

79503821578

79041153610

79500835468

79526240478

79500680534

79501312212

79501414863

79501404750

79500897279

79500546089

79041552827

79501036714

79500636868

79500622482

79086682622

79526353772

79501400420

79501420480

79501273954

79025438592

79501124377

79021632569

79526219814

79516294297

79024568580

79041108264

79024535355

79021612732

79025645103

79516201800

79041309509

79025156626

79500518896

79041299926

79526122951

79503877750

79085920866

79503829216

79024501692

79503857293

79024506377

79503983577

79516289712

79085902133

79021637618

79085927405

79025640331

79024542386

79085980514

79516264874

79021647978

79501397379

79086432065

79086552408

79025111100

79516212170

79041464063

79500549894

79516224127

79503843758

79516271557

79516210095

79041310613

79041426559

79500508477

79501371329

79041100243

79516214981

79501111139

79027662813

79503891038

79025484040

79025407444

79041395840

79025406335

79500796499

79501333301

79500878652

79503858626

79025630232

79085951598

79503972688

79024551442

79501454890

79086541235

79501015308

79021776891

79041317350

79501101041

79021655051

79041403310

79024530970

79024548962

79516212793

79516290549

79526233613

79021783610

79503804898

79021670601

79503839655

79526369280

79501468086

79041188593

79041211213

79526399183

79526299196

79041518287

79501340543

79526277630

79021659660

79503815879

79025343587

79503917995

79516202836

79024582309

79085919559

79500851531

79041529062

79501047429

79526340260

79526294297

79086539061

79503943853

79503908280

79085991016

79500860014

79041258369

79041545047

79086561686

79041481208

79526236126

79526387351

79041394660

79501137944

79516298472

79021640008

79021632158

79041530195

79501199984

79021756848

79501420695

79041133866

79500879788

79500967349

79501352771

79500820516

79041159643

79500949228

79086434816

79086565728

79024558398

79516244940

79501224238

79086490262

79501175346

79500635192

79501089121

79501498779

79500503660

79086485388

79041544371

79041458844

79501163551

79024556998

79085983920

79025319508

79503885176

79516332698

79503985589

79025466571

79041409965

79086639476

79500995327

79021786821

79086544171

79526320179

79516219486

79501318626

79041115989

79025760775

79041366271

79027669393

79041509985

79501439246

79041431360

79501353426

79041412587

79526399412

79500644800

79501394950

79503913677

79086421644

79027652559

79500922381

79501174765

79025438975

79501265905

79501185793

79086675212

79501486058

79027654805

79501203369

79025191853

79501462117

79500901707

79086502901

79041207030

79500744744

79526219905

79503816501

79025311905

79503843791

79503872684

79516231424

79024556617

79085920541

79086658337

79500545332

79501231583

79041431599

79041340868

79526180016

79041563377

79086439151

79041587790

79501235582

79086479615

79500910871

79501060125

79501076404

79503941351

79085941091

79025797349

79526230605

79041119132

79501158862

79501049249

79501160984

79526135988

79041301151

79501455140

79501056172

79041370838

79501149794

79041275610

79500967962

79041241876

79086574390

79500841264

79501469122

79500607415

79086559067

79501249072

79086628664

79025495479

79501076534

79021651942

79500793278

79041360014

79526396098

79526307352

79501106285

79501008618

79526385507

79501447703

79500937282

79041485704

79041373624

79500591241

79500570817

79041363015

79041162273

79516298258

79021659544

79024555378

79085935202

79021643384

79085945629

79021723115

79500850740

79500688700

79500615154

79041364532

79501009739

79500702784

79041177998

79041359894

79501226663

79501385124

79526169990

79500649185

79526291814

79526179709

79086421468

79500571703

79041557499

79526387481

79503983351

79024508408

79501027143

79041153652

79086540753

79025690488

79027669751

79041157817

79501163502

79027602260

79526127031

79526383158

79041185919

79086516896

79041170518

79501254612

79027693872

79025129195

79526212180

79516289589

79516222183

79021646241

79025353709

79516203104

79503980716

79503867662

79503906151

79501277661

79526207933

79503836700

79041336394

79526131776

79025623930

79516224991

79024520788

79503909318

79503866481

79516229354

79516371405

79503973579

79501238009

79021602254

79516296220

79503810480

79516301283

79086678515

79021661833

79041130658

79086666722

79025687530

79086604553

79503956618

79503954715

79501211399

79086595898

79041167592

79516295028

79085946955

79503855403

79025630640

79503875446

79500709476

79516229419

79041301112

79041401624

79526319414

79503848675

79503956370

79041265101

79041599409

79501429214

79503919262

79501452803

79500877024

79041167529

79501364064

79086407690

79085962857

79085922400

79516240877

79503814461

79516204283

79503829422

79041311545

79516203712

79501251884

79085901675

79024552334

79500506038

79041318891

79516285294

79085950765

79500824291

79086470446

79041442342

79503935356

79041561469

79041486154

79500721745

79500626810

79501118992

79086616004

79501166995

79526290258

79021776513

79041443306

79526324547

79041339929

79500966511

79501252983

79526236301

79024549591

79025656004

79024509370

79021664673

79501257974

79025462507

79500705781

79500894427

79501015094

79501423769

79500610055

79503808683

79041539375

79021780525

79526189552

79025464716

79041172206

79501192553

79503841231

79503947740

79501396760

79086543949

79041421985

79500903595

79086533140

79041593845

79086506357

79041355952

79041413517

79085958319

79041441846

79526316968

79041537208

79500705286

79500934212

79500825535

79024531986

79021629129

79024558967

79500671656

79085921850

79503952183

79503998740

79024537445

79021646152

79500503527

79500898261

79501065350

79025431817

79041170898

79500519737

79501145547

79501303769

79500835751

79501195516

79500978998

79501465816

79501360180

79500624976

79501362969

79041331731

79500653700

79500801618

79021745454

79041136485

79021722801

79021776777

79501105731

79024509135